0
1.000000 0.000000 0.000000 0.000000
0.000000 1.000000 0.000000 0.000000
0.000000 0.000000 1.000000 0.000000
0.000000 0.000000 0.000000 1.000000
1
0.998630 0.015166 -0.050090 0.025045
-0.015701 0.999824 -0.010304 0.005152
0.049925 0.011076 0.998692 0.000655
0.000000 0.000000 0.000000 1.000000
2
0.994522 0.027157 -0.100939 0.050469
-0.031358 0.998696 -0.040270 0.020135
0.099713 0.043215 0.994077 0.002962
0.000000 0.000000 0.000000 1.000000
3
0.987688 0.033185 -0.152874 0.076437
-0.046930 0.995085 -0.087202 0.043601
0.149229 0.093303 0.984391 0.007805
0.000000 0.000000 0.000000 1.000000
4
0.978148 0.031187 -0.205559 0.102780
-0.062374 0.987163 -0.147034 0.073516
0.198335 0.156642 0.967537 0.016233
0.000000 0.000000 0.000000 1.000000
5
0.965926 0.020096 -0.258038 0.129019
-0.077646 0.973559 -0.214834 0.107417
0.246898 0.227549 0.941947 0.029027
0.000000 0.000000 0.000000 1.000000
6
0.951057 0.000000 -0.309017 0.154508
-0.092705 0.953939 -0.285317 0.142658
0.294783 0.300000 0.907251 0.046376
0.000000 0.000000 0.000000 1.000000
7
0.933580 -0.027826 -0.357286 0.178643
-0.107510 0.929313 -0.353298 0.176649
0.341861 0.368244 0.864597 0.067702
0.000000 0.000000 0.000000 1.000000
8
0.913545 -0.061011 -0.402135 0.201067
-0.122021 0.902037 -0.414054 0.207027
0.388002 0.427326 0.816608 0.091697
0.000000 0.000000 0.000000 1.000000
9
0.891007 -0.096306 -0.443658 0.221829
-0.136197 0.875525 -0.463580 0.231790
0.433079 0.473477 0.766982 0.116509
0.000000 0.000000 0.000000 1.000000
10
0.866025 -0.129904 -0.482830 0.241415
-0.150000 0.853681 -0.498727 0.249363
0.476970 0.504334 0.719824 0.140089
0.000000 0.000000 0.000000 1.000000
11
0.838671 -0.157824 -0.521271 0.260635
-0.163392 0.840101 -0.517237 0.258618
0.519553 0.518962 0.678781 0.160610
0.000000 0.000000 0.000000 1.000000
12
0.809017 -0.176336 -0.560711 0.280356
-0.176336 0.837188 -0.517708 0.258854
0.560711 0.517708 0.646206 0.176897
0.000000 0.000000 0.000000 1.000000
13
0.777146 -0.182363 -0.602319 0.301159
-0.188796 0.845450 -0.499571 0.249786
0.600333 0.501955 0.622609 0.188696
0.000000 0.000000 0.000000 1.000000
14
0.743145 -0.173845 -0.646153 0.323076
-0.200739 0.863259 -0.463129 0.231564
0.638310 0.473880 0.606629 0.196686
0.000000 0.000000 0.000000 1.000000
15
0.707107 -0.150000 -0.691014 0.345507
-0.212132 0.887229 -0.409665 0.204833
0.674537 0.436263 0.595546 0.202228
0.000000 0.000000 0.000000 1.000000
16
0.669131 -0.111472 -0.734737 0.367368
-0.222944 0.913035 -0.341559 0.170779
0.708915 0.392353 0.586088 0.206956
0.000000 0.000000 0.000000 1.000000
17
0.629320 -0.060342 -0.774800 0.387400
-0.233144 0.936400 -0.262295 0.131148
0.741350 0.345708 0.575227 0.212387
0.000000 0.000000 0.000000 1.000000
18
0.587785 -0.000000 -0.809017 0.404508
-0.242705 0.953939 -0.176336 0.088168
0.771753 0.300000 0.560711 0.219644
0.000000 0.000000 0.000000 1.000000
19
0.544639 0.065119 -0.836139 0.418069
-0.251601 0.963746 -0.088829 0.044414
0.800041 0.258753 0.541278 0.229362
0.000000 0.000000 0.000000 1.000000
20
0.500000 0.129904 -0.856227 0.428114
-0.259808 0.965647 -0.005212 0.002606
0.826135 0.225060 0.516573 0.241714
0.000000 0.000000 0.000000 1.000000
21
0.453990 0.189011 -0.870728 0.435364
-0.267302 0.961120 0.069264 -0.034632
0.849967 0.201302 0.486862 0.256569
0.000000 0.000000 0.000000 1.000000
22
0.406737 0.237346 -0.882175 0.441087
-0.274064 0.952883 0.130010 -0.065005
0.871467 0.188892 0.452620 0.273690
0.000000 0.000000 0.000000 1.000000
23
0.358368 0.270531 -0.893524 0.446762
-0.280074 0.944164 0.173533 -0.086767
0.890579 0.188065 0.414127 0.292937
0.000000 0.000000 0.000000 1.000000
24
0.309017 0.285317 -0.907250 0.453625
-0.285317 0.937812 0.197747 -0.098873
0.907251 0.197747 0.371205 0.314397
0.000000 0.000000 0.000000 1.000000
25
0.258819 0.279904 -0.924482 0.462241
-0.289778 0.935510 0.202116 -0.101058
0.921435 0.215583 0.323238 0.338382
0.000000 0.000000 0.000000 1.000000
26
0.207912 0.254130 -0.944558 0.472279
-0.293445 0.937386 0.187609 -0.093805
0.933094 0.238169 0.269467 0.365267
0.000000 0.000000 0.000000 1.000000
27
0.156434 0.209520 -0.965210 0.482605
-0.296307 0.942184 0.156499 -0.078250
0.942194 0.261516 0.209472 0.395264
0.000000 0.000000 0.000000 1.000000
28
0.104528 0.149178 -0.983270 0.491635
-0.298357 0.947850 0.112087 -0.056044
0.948714 0.281649 0.143586 0.428208
0.000000 0.000000 0.000000 1.000000
29
0.052336 0.077539 -0.995615 0.497807
-0.299589 0.952279 0.058416 -0.029208
0.952632 0.295218 0.073068 0.463466
0.000000 0.000000 0.000000 1.000000
30
-0.000000 -0.000000 -1.000000 0.500000
-0.300000 0.953939 -0.000000 -0.000000
0.953939 0.300000 -0.000000 0.500000
0.000000 0.000000 0.000000 1.000000
31
-0.052336 -0.077539 -0.995615 0.497807
-0.299589 0.952279 -0.058416 0.029208
0.952632 0.295218 -0.073068 0.536535
0.000000 0.000000 0.000000 1.000000
32
-0.104528 -0.149178 -0.983270 0.491635
-0.298357 0.947850 -0.112087 0.056043
0.948714 0.281649 -0.143586 0.571793
0.000000 0.000000 0.000000 1.000000
33
-0.156434 -0.209520 -0.965210 0.482605
-0.296307 0.942184 -0.156499 0.078249
0.942194 0.261516 -0.209472 0.604737
0.000000 0.000000 0.000000 1.000000
34
-0.207912 -0.254130 -0.944558 0.472279
-0.293445 0.937386 -0.187609 0.093805
0.933094 0.238169 -0.269467 0.634734
0.000000 0.000000 0.000000 1.000000
35
-0.258819 -0.279904 -0.924482 0.462241
-0.289778 0.935510 -0.202116 0.101058
0.921435 0.215583 -0.323238 0.661619
0.000000 0.000000 0.000000 1.000000
36
-0.309017 -0.285317 -0.907250 0.453625
-0.285317 0.937812 -0.197747 0.098873
0.907251 0.197747 -0.371205 0.685604
0.000000 0.000000 0.000000 1.000000
37
-0.358368 -0.270531 -0.893524 0.446762
-0.280074 0.944164 -0.173533 0.086766
0.890579 0.188065 -0.414127 0.707064
0.000000 0.000000 0.000000 1.000000
38
-0.406737 -0.237346 -0.882175 0.441087
-0.274064 0.952883 -0.130010 0.065005
0.871467 0.188892 -0.452620 0.726311
0.000000 0.000000 0.000000 1.000000
39
-0.453990 -0.189011 -0.870728 0.435364
-0.267302 0.961120 -0.069264 0.034632
0.849967 0.201302 -0.486862 0.743432
0.000000 0.000000 0.000000 1.000000
40
-0.500000 -0.129904 -0.856227 0.428114
-0.259808 0.965647 0.005212 -0.002606
0.826135 0.225060 -0.516573 0.758287
0.000000 0.000000 0.000000 1.000000
41
-0.544639 -0.065119 -0.836139 0.418069
-0.251601 0.963746 0.088829 -0.044415
0.800041 0.258753 -0.541278 0.770639
0.000000 0.000000 0.000000 1.000000
42
-0.587785 0.000000 -0.809017 0.404508
-0.242705 0.953939 0.176336 -0.088168
0.771753 0.300000 -0.560711 0.780357
0.000000 0.000000 0.000000 1.000000
43
-0.629320 0.060342 -0.774800 0.387400
-0.233144 0.936400 0.262295 -0.131148
0.741350 0.345708 -0.575227 0.787614
0.000000 0.000000 0.000000 1.000000
44
-0.669131 0.111472 -0.734737 0.367368
-0.222944 0.913035 0.341559 -0.170780
0.708915 0.392353 -0.586088 0.793045
0.000000 0.000000 0.000000 1.000000
45
-0.707107 0.150000 -0.691014 0.345507
-0.212132 0.887229 0.409665 -0.204833
0.674537 0.436263 -0.595546 0.797773
0.000000 0.000000 0.000000 1.000000
46
-0.743145 0.173845 -0.646153 0.323076
-0.200739 0.863259 0.463129 -0.231565
0.638310 0.473880 -0.606629 0.803315
0.000000 0.000000 0.000000 1.000000
47
-0.777146 0.182363 -0.602319 0.301159
-0.188796 0.845450 0.499571 -0.249786
0.600333 0.501955 -0.622609 0.811305
0.000000 0.000000 0.000000 1.000000
48
-0.809017 0.176336 -0.560711 0.280356
-0.176336 0.837188 0.517708 -0.258854
0.560711 0.517708 -0.646206 0.823104
0.000000 0.000000 0.000000 1.000000
49
-0.838671 0.157824 -0.521271 0.260635
-0.163392 0.840101 0.517237 -0.258618
0.519553 0.518962 -0.678781 0.839391
0.000000 0.000000 0.000000 1.000000
50
-0.866025 0.129904 -0.482830 0.241415
-0.150000 0.853681 0.498727 -0.249364
0.476970 0.504334 -0.719824 0.859912
0.000000 0.000000 0.000000 1.000000
51
-0.891007 0.096306 -0.443658 0.221829
-0.136197 0.875525 0.463580 -0.231790
0.433079 0.473477 -0.766982 0.883492
0.000000 0.000000 0.000000 1.000000
52
-0.913545 0.061011 -0.402135 0.201067
-0.122021 0.902037 0.414054 -0.207027
0.388002 0.427326 -0.816608 0.908304
0.000000 0.000000 0.000000 1.000000
53
-0.933580 0.027826 -0.357286 0.178643
-0.107510 0.929313 0.353298 -0.176649
0.341861 0.368244 -0.864597 0.932299
0.000000 0.000000 0.000000 1.000000
54
-0.951057 0.000000 -0.309017 0.154508
-0.092705 0.953939 0.285317 -0.142659
0.294783 0.300000 -0.907251 0.953625
0.000000 0.000000 0.000000 1.000000
55
-0.965926 -0.020096 -0.258038 0.129019
-0.077646 0.973559 0.214834 -0.107417
0.246898 0.227549 -0.941947 0.970974
0.000000 0.000000 0.000000 1.000000
56
-0.978148 -0.031187 -0.205559 0.102780
-0.062374 0.987163 0.147034 -0.073517
0.198335 0.156642 -0.967537 0.983768
0.000000 0.000000 0.000000 1.000000
57
-0.987688 -0.033185 -0.152874 0.076437
-0.046930 0.995085 0.087202 -0.043601
0.149229 0.093303 -0.984391 0.992196
0.000000 0.000000 0.000000 1.000000
58
-0.994522 -0.027157 -0.100939 0.050469
-0.031358 0.998696 0.040270 -0.020135
0.099713 0.043215 -0.994077 0.997039
0.000000 0.000000 0.000000 1.000000
59
-0.998630 -0.015166 -0.050090 0.025045
-0.015701 0.999824 0.010304 -0.005152
0.049925 0.011076 -0.998692 0.999346
0.000000 0.000000 0.000000 1.000000
60
-1.000000 -0.000000 -0.000000 0.000000
-0.000000 1.000000 0.000000 -0.000000
0.000000 -0.000000 -1.000000 1.000001
0.000000 0.000000 0.000000 1.000000
61
-0.998630 0.015166 0.050090 -0.025045
0.015701 0.999824 0.010304 -0.005152
-0.049925 0.011076 -0.998692 0.999346
0.000000 0.000000 0.000000 1.000000
62
-0.994522 0.027157 0.100939 -0.050469
0.031358 0.998696 0.040270 -0.020135
-0.099713 0.043215 -0.994077 0.997039
0.000000 0.000000 0.000000 1.000000
63
-0.987688 0.033185 0.152874 -0.076437
0.046930 0.995085 0.087202 -0.043601
-0.149229 0.093303 -0.984391 0.992196
0.000000 0.000000 0.000000 1.000000
64
-0.978148 0.031187 0.205559 -0.102780
0.062374 0.987163 0.147034 -0.073517
-0.198335 0.156642 -0.967537 0.983768
0.000000 0.000000 0.000000 1.000000
65
-0.965926 0.020096 0.258038 -0.129019
0.077646 0.973559 0.214834 -0.107417
-0.246898 0.227549 -0.941947 0.970974
0.000000 0.000000 0.000000 1.000000
66
-0.951057 0.000000 0.309017 -0.154508
0.092705 0.953939 0.285317 -0.142659
-0.294783 0.300000 -0.907251 0.953625
0.000000 0.000000 0.000000 1.000000
67
-0.933580 -0.027826 0.357286 -0.178643
0.107510 0.929313 0.353298 -0.176649
-0.341861 0.368244 -0.864597 0.932299
0.000000 0.000000 0.000000 1.000000
68
-0.913545 -0.061011 0.402135 -0.201067
0.122021 0.902037 0.414054 -0.207027
-0.388002 0.427326 -0.816608 0.908304
0.000000 0.000000 0.000000 1.000000
69
-0.891007 -0.096306 0.443658 -0.221829
0.136197 0.875525 0.463580 -0.231790
-0.433079 0.473477 -0.766982 0.883492
0.000000 0.000000 0.000000 1.000000
70
-0.866025 -0.129904 0.482830 -0.241415
0.150000 0.853681 0.498727 -0.249364
-0.476970 0.504334 -0.719824 0.859912
0.000000 0.000000 0.000000 1.000000
71
-0.838671 -0.157824 0.521271 -0.260635
0.163392 0.840101 0.517237 -0.258618
-0.519553 0.518962 -0.678781 0.839391
0.000000 0.000000 0.000000 1.000000
72
-0.809017 -0.176336 0.560711 -0.280356
0.176336 0.837188 0.517708 -0.258854
-0.560711 0.517708 -0.646206 0.823104
0.000000 0.000000 0.000000 1.000000
73
-0.777146 -0.182363 0.602319 -0.301159
0.188796 0.845450 0.499571 -0.249786
-0.600333 0.501955 -0.622609 0.811305
0.000000 0.000000 0.000000 1.000000
74
-0.743145 -0.173845 0.646153 -0.323076
0.200739 0.863259 0.463129 -0.231565
-0.638310 0.473880 -0.606629 0.803315
0.000000 0.000000 0.000000 1.000000
75
-0.707107 -0.150000 0.691014 -0.345507
0.212132 0.887229 0.409665 -0.204833
-0.674537 0.436263 -0.595546 0.797773
0.000000 0.000000 0.000000 1.000000
76
-0.669131 -0.111472 0.734737 -0.367368
0.222944 0.913035 0.341559 -0.170780
-0.708915 0.392353 -0.586088 0.793045
0.000000 0.000000 0.000000 1.000000
77
-0.629320 -0.060342 0.774800 -0.387400
0.233144 0.936400 0.262295 -0.131148
-0.741350 0.345708 -0.575227 0.787614
0.000000 0.000000 0.000000 1.000000
78
-0.587785 -0.000000 0.809017 -0.404508
0.242705 0.953939 0.176336 -0.088168
-0.771753 0.300000 -0.560711 0.780357
0.000000 0.000000 0.000000 1.000000
79
-0.544639 0.065119 0.836139 -0.418069
0.251601 0.963746 0.088829 -0.044415
-0.800041 0.258753 -0.541278 0.770639
0.000000 0.000000 0.000000 1.000000
80
-0.500000 0.129904 0.856227 -0.428114
0.259808 0.965647 0.005212 -0.002606
-0.826135 0.225060 -0.516573 0.758287
0.000000 0.000000 0.000000 1.000000
81
-0.453990 0.189011 0.870728 -0.435364
0.267302 0.961120 -0.069264 0.034632
-0.849967 0.201302 -0.486862 0.743432
0.000000 0.000000 0.000000 1.000000
82
-0.406737 0.237346 0.882175 -0.441087
0.274064 0.952883 -0.130010 0.065005
-0.871467 0.188892 -0.452620 0.726311
0.000000 0.000000 0.000000 1.000000
83
-0.358368 0.270531 0.893524 -0.446762
0.280074 0.944164 -0.173533 0.086766
-0.890579 0.188065 -0.414127 0.707064
0.000000 0.000000 0.000000 1.000000
84
-0.309017 0.285317 0.907250 -0.453625
0.285317 0.937812 -0.197747 0.098873
-0.907251 0.197747 -0.371205 0.685604
0.000000 0.000000 0.000000 1.000000
85
-0.258819 0.279904 0.924482 -0.462241
0.289778 0.935510 -0.202116 0.101058
-0.921435 0.215583 -0.323238 0.661619
0.000000 0.000000 0.000000 1.000000
86
-0.207912 0.254130 0.944558 -0.472279
0.293445 0.937386 -0.187609 0.093805
-0.933094 0.238169 -0.269467 0.634734
0.000000 0.000000 0.000000 1.000000
87
-0.156434 0.209520 0.965210 -0.482605
0.296307 0.942184 -0.156499 0.078249
-0.942194 0.261516 -0.209472 0.604737
0.000000 0.000000 0.000000 1.000000
88
-0.104528 0.149178 0.983270 -0.491635
0.298357 0.947850 -0.112087 0.056043
-0.948714 0.281649 -0.143586 0.571793
0.000000 0.000000 0.000000 1.000000
89
-0.052336 0.077539 0.995615 -0.497807
0.299589 0.952279 -0.058416 0.029208
-0.952632 0.295218 -0.073068 0.536535
0.000000 0.000000 0.000000 1.000000
90
-0.000000 0.000000 1.000000 -0.500000
0.300000 0.953939 -0.000000 -0.000000
-0.953939 0.300000 -0.000000 0.500000
0.000000 0.000000 0.000000 1.000000
91
0.052336 -0.077539 0.995615 -0.497807
0.299589 0.952279 0.058416 -0.029208
-0.952632 0.295218 0.073068 0.463466
0.000000 0.000000 0.000000 1.000000
92
0.104528 -0.149178 0.983270 -0.491635
0.298357 0.947850 0.112087 -0.056044
-0.948714 0.281649 0.143586 0.428208
0.000000 0.000000 0.000000 1.000000
93
0.156434 -0.209520 0.965210 -0.482605
0.296307 0.942184 0.156499 -0.078250
-0.942194 0.261516 0.209472 0.395264
0.000000 0.000000 0.000000 1.000000
94
0.207912 -0.254130 0.944558 -0.472279
0.293445 0.937386 0.187609 -0.093805
-0.933094 0.238169 0.269467 0.365267
0.000000 0.000000 0.000000 1.000000
95
0.258819 -0.279904 0.924482 -0.462241
0.289778 0.935510 0.202116 -0.101058
-0.921435 0.215583 0.323238 0.338382
0.000000 0.000000 0.000000 1.000000
96
0.309017 -0.285317 0.907250 -0.453625
0.285317 0.937812 0.197747 -0.098873
-0.907251 0.197747 0.371205 0.314397
0.000000 0.000000 0.000000 1.000000
97
0.358368 -0.270531 0.893524 -0.446762
0.280074 0.944164 0.173533 -0.086767
-0.890579 0.188065 0.414127 0.292937
0.000000 0.000000 0.000000 1.000000
98
0.406737 -0.237346 0.882175 -0.441087
0.274064 0.952883 0.130010 -0.065005
-0.871467 0.188892 0.452620 0.273690
0.000000 0.000000 0.000000 1.000000
99
0.453990 -0.189011 0.870728 -0.435364
0.267302 0.961120 0.069264 -0.034632
-0.849967 0.201302 0.486862 0.256569
0.000000 0.000000 0.000000 1.000000
100
0.500000 -0.129904 0.856227 -0.428114
0.259808 0.965647 -0.005212 0.002606
-0.826135 0.225060 0.516573 0.241714
0.000000 0.000000 0.000000 1.000000
101
0.544639 -0.065119 0.836139 -0.418069
0.251601 0.963746 -0.088829 0.044414
-0.800041 0.258753 0.541278 0.229362
0.000000 0.000000 0.000000 1.000000
102
0.587785 0.000000 0.809017 -0.404508
0.242705 0.953939 -0.176336 0.088168
-0.771753 0.300000 0.560711 0.219644
0.000000 0.000000 0.000000 1.000000
103
0.629320 0.060342 0.774800 -0.387400
0.233144 0.936400 -0.262295 0.131148
-0.741350 0.345708 0.575227 0.212387
0.000000 0.000000 0.000000 1.000000
104
0.669131 0.111472 0.734737 -0.367368
0.222944 0.913035 -0.341559 0.170779
-0.708915 0.392353 0.586088 0.206956
0.000000 0.000000 0.000000 1.000000
105
0.707107 0.150000 0.691014 -0.345507
0.212132 0.887229 -0.409665 0.204833
-0.674537 0.436263 0.595546 0.202228
0.000000 0.000000 0.000000 1.000000
106
0.743145 0.173845 0.646153 -0.323076
0.200739 0.863259 -0.463129 0.231564
-0.638310 0.473880 0.606629 0.196686
0.000000 0.000000 0.000000 1.000000
107
0.777146 0.182363 0.602319 -0.301159
0.188796 0.845450 -0.499571 0.249786
-0.600333 0.501955 0.622609 0.188696
0.000000 0.000000 0.000000 1.000000
108
0.809017 0.176336 0.560711 -0.280356
0.176336 0.837188 -0.517708 0.258854
-0.560711 0.517708 0.646206 0.176897
0.000000 0.000000 0.000000 1.000000
109
0.838671 0.157824 0.521271 -0.260635
0.163392 0.840101 -0.517237 0.258618
-0.519553 0.518962 0.678781 0.160610
0.000000 0.000000 0.000000 1.000000
110
0.866025 0.129904 0.482830 -0.241415
0.150000 0.853681 -0.498727 0.249363
-0.476970 0.504334 0.719824 0.140089
0.000000 0.000000 0.000000 1.000000
111
0.891007 0.096306 0.443658 -0.221829
0.136197 0.875525 -0.463580 0.231790
-0.433079 0.473477 0.766982 0.116509
0.000000 0.000000 0.000000 1.000000
112
0.913545 0.061011 0.402135 -0.201067
0.122021 0.902037 -0.414054 0.207027
-0.388002 0.427326 0.816608 0.091697
0.000000 0.000000 0.000000 1.000000
113
0.933580 0.027826 0.357286 -0.178643
0.107510 0.929313 -0.353298 0.176649
-0.341861 0.368244 0.864597 0.067702
0.000000 0.000000 0.000000 1.000000
114
0.951057 -0.000000 0.309017 -0.154508
0.092705 0.953939 -0.285317 0.142658
-0.294783 0.300000 0.907251 0.046376
0.000000 0.000000 0.000000 1.000000
115
0.965926 -0.020096 0.258038 -0.129019
0.077646 0.973559 -0.214834 0.107417
-0.246898 0.227549 0.941947 0.029027
0.000000 0.000000 0.000000 1.000000
116
0.978148 -0.031187 0.205559 -0.102780
0.062374 0.987163 -0.147034 0.073516
-0.198335 0.156642 0.967537 0.016233
0.000000 0.000000 0.000000 1.000000
117
0.987688 -0.033185 0.152874 -0.076437
0.046930 0.995085 -0.087202 0.043601
-0.149229 0.093303 0.984391 0.007805
0.000000 0.000000 0.000000 1.000000
118
0.994522 -0.027157 0.100939 -0.050469
0.031358 0.998696 -0.040270 0.020135
-0.099713 0.043215 0.994077 0.002962
0.000000 0.000000 0.000000 1.000000
119
0.998630 -0.015166 0.050090 -0.025045
0.015701 0.999824 -0.010304 0.005152
-0.049925 0.011076 0.998692 0.000655
0.000000 0.000000 0.000000 1.000000
