0
           1 1.86265e-009            0            0
1.86265e-009            1            0            0
           0            0            1            0
           0            0            0            1
1
   0.999976 -0.00613192  0.00324813 -0.00196379
 0.00613626     0.99998 -0.00132424  0.00267822
-0.00323995  0.00134411    0.999994 0.000680089
          0           0           0           1
2
   0.999874  -0.0136664  0.00808525 -0.00663319
  0.0136503    0.999905  0.00204653  0.00113258
-0.00811245 -0.00193593    0.999965  0.00176412
          0           0           0           1
3
    0.999585   -0.0261124    0.0121253  -0.00974605
   0.0260567     0.999649   0.00472942 -0.000431955
  -0.0122446  -0.00441146     0.999915   0.00354517
           0            0            0            1
4
    0.999259     -0.03499    0.0160071    -0.011412
   0.0349309     0.999382   0.00395608 -0.000344008
  -0.0161357  -0.00339401     0.999864   0.00431663
           0            0            0            1
5
   0.998317  -0.0514133   0.0268197  -0.0219829
  0.0512634    0.998666   0.0062488 -0.00417867
 -0.0271051 -0.00486338    0.999621  0.00419152
          0           0           0           1
6
   0.997066  -0.0729365   0.0232348  -0.0255321
  0.0728858    0.997336    0.003025 -0.00341696
 -0.0233935 -0.00132269    0.999725  0.00538909
          0           0           0           1
7
    0.99543  -0.0910145   0.0288914  -0.0294302
   0.091096    0.995841 -0.00151318 -0.00345016
 -0.0286335  0.00413817    0.999581  0.00728828
          0           0           0           1
8
   0.992946    -0.11152   0.0402736  -0.0398832
   0.111669    0.993744 -0.00147253 -0.00588894
 -0.0398575  0.00595945    0.999188  0.00691193
          0           0           0           1
9
   0.989683    -0.13656   0.0433431  -0.0461733
   0.136865    0.990581 -0.00413388 -0.00768894
 -0.0423703   0.0100234    0.999052  0.00737804
          0           0           0           1
10
  0.985559  -0.161147  0.0520189 -0.0522128
  0.161966   0.986725 -0.0118995 -0.0040212
-0.0494108  0.0201529   0.998575 0.00812924
         0          0          0          1
11
  0.981282  -0.182851  0.0604286 -0.0623129
  0.184074   0.982794 -0.0152804 0.00151664
-0.0565948  0.0261177   0.998056  0.0073415
         0          0          0          1
12
  0.979765  -0.190969  0.0599319  -0.064286
  0.192054     0.9813 -0.0128535 0.00338224
-0.0563566  0.0241036    0.99812 0.00777191
         0          0          0          1
13
   0.978467   -0.197786   0.0590126  -0.0681237
   0.198579    0.980054 -0.00782835  0.00722626
 -0.0562872   0.0193785    0.998227  0.00776905
          0           0           0           1
14
  0.978313  -0.197831  0.0613656 -0.0726615
  0.197847   0.980215 0.00587931 0.00105041
-0.0613146  0.0063892   0.998098 0.00760162
         0          0          0          1
15
   0.978941   -0.193835    0.064044  -0.0780156
   0.194356    0.980929 -0.00195533  0.00318733
 -0.0624437   0.0143615    0.997945  0.00485253
          0           0           0           1
16
   0.980908   -0.184139   0.0625512   -0.083058
     0.1851     0.98267 -0.00988331  0.00248623
 -0.0596473   0.0212728    0.997993  0.00230438
          0           0           0           1
17
   0.982229   -0.175538   0.0664238  -0.0923846
   0.177291    0.983925  -0.0214431  0.00924233
 -0.0615919   0.0328384    0.997561 -0.00093472
          0           0           0           1
18
  0.983695  -0.173351  0.0478962  -0.101091
  0.174516   0.984424 -0.0212806  0.0136555
-0.0434612  0.0292922   0.998626 -0.0029397
         0          0          0          1
19
    0.98275   -0.180848   0.0386733  -0.0972415
   0.181641    0.983199  -0.0180649   0.0148733
 -0.0347565   0.0247779    0.999089 -0.00194746
          0           0           0           1
20
   0.980043   -0.192294    0.050394   -0.102195
   0.193488    0.980899  -0.0199626   0.0172339
 -0.0455928   0.0293148     0.99853 -0.00376284
          0           0           0           1
21
   0.975062    -0.21363   0.0601318   -0.110909
   0.215178     0.97636  -0.0204768   0.0147843
 -0.0543358   0.0329051     0.99798 -0.00569832
          0           0           0           1
22
   0.970783   -0.232227   0.0604321    -0.11442
   0.233803    0.972071   -0.020362    0.010474
 -0.0540156   0.0338963    0.997965 -0.00735134
          0           0           0           1
23
  0.965889  -0.248221  0.0737892  -0.127148
  0.251211   0.967324 -0.0343196  0.0121689
-0.0628592  0.0516856   0.996683 -0.0101442
         0          0          0          1
24
  0.960294   -0.26836   0.076282  -0.136231
  0.271474   0.961855 -0.0337107  0.0120471
-0.0643257  0.0530807   0.996516 -0.0103602
         0          0          0          1
25
  0.954381  -0.287702  0.0799056  -0.142503
  0.290716   0.956375 -0.0288218 0.00509089
-0.0681276  0.0507368   0.996386 -0.0084064
         0          0          0          1
26
   0.951104    -0.29588    0.088639   -0.151244
   0.299454    0.953643  -0.0298764  0.00421217
 -0.0756901   0.0549589    0.995616 -0.00783694
          0           0           0           1
27
   0.943232   -0.317967   0.0959694   -0.166508
   0.321497     0.94662  -0.0234696 0.000640184
  -0.083384   0.0529911    0.995108 -0.00443733
          0           0           0           1
28
    0.933551    -0.343163     0.103551    -0.180315
     0.34704     0.937603   -0.0215296  -0.00232181
  -0.0897021    0.0560355     0.994391 -0.000616312
           0            0            0            1
29
   0.920883   -0.373897    0.110345   -0.193556
   0.376698    0.926323 -0.00494185  -0.0141147
  -0.100368   0.0461177    0.993881  0.00389838
          0           0           0           1
30
   0.910965    -0.39561    0.116769   -0.211203
   0.398947    0.916956 -0.00573272  -0.0141619
  -0.104805    0.051807    0.993143   0.0104325
          0           0           0           1
31
   0.89625  -0.428414    0.11488  -0.217778
  0.430343   0.902623 0.00872278 -0.0169043
 -0.107431  0.0416201   0.993341  0.0174251
         0          0          0          1
32
  0.877281   -0.46422   0.121975  -0.225688
  0.464335   0.885177  0.0292245 -0.0236667
 -0.121536  0.0309992   0.992103  0.0251187
         0          0          0          1
33
  0.853834  -0.502365   0.136367   -0.24351
  0.500549   0.864273  0.0498265 -0.0303399
  -0.14289  0.0257151   0.989404  0.0327201
         0          0          0          1
34
  0.840408  -0.526026   0.130427  -0.242954
   0.52267    0.85031  0.0615571 -0.0348732
 -0.143284  0.0164371   0.989545  0.0360701
         0          0          0          1
35
  0.818692  -0.560101   0.126611  -0.245773
  0.554503   0.828407  0.0791726 -0.0395943
  -0.14923 0.00538826   0.988788  0.0403636
         0          0          0          1
36
   0.800041   -0.586165    0.127847   -0.245653
   0.577857    0.810177   0.0984598  -0.0519502
  -0.161292 -0.00489461    0.986895   0.0437387
          0           0           0           1
37
  0.779165  -0.610207   0.143352  -0.251227
  0.602153   0.792191  0.0992239 -0.0517545
  -0.17411 0.00900814   0.984685  0.0448322
         0          0          0          1
38
   0.75175  -0.641824   0.151444  -0.251044
  0.631398   0.766802   0.115544 -0.0599883
 -0.190286 0.00876126    0.98169  0.0478054
         0          0          0          1
39
  0.731991  -0.659741   0.170093  -0.253871
  0.649658   0.751094   0.117485 -0.0566001
 -0.205265  0.0245045     0.9784  0.0516521
         0          0          0          1
40
  0.716615  -0.672146   0.186233  -0.253919
  0.658303   0.740034   0.137791 -0.0661971
 -0.230435  0.0238542   0.972795   0.058556
         0          0          0          1
41
  0.692119  -0.691743   0.206066  -0.258361
  0.676447   0.721237   0.149119 -0.0676002
 -0.251775  0.0361845   0.967109   0.064968
         0          0          0          1
42
  0.677835  -0.704367   0.210728  -0.256138
  0.686462   0.708969   0.161659 -0.0763403
 -0.263267   0.035078   0.964085  0.0684017
         0          0          0          1
43
  0.651222  -0.723705   0.228389  -0.267722
  0.707423   0.687855   0.162505 -0.0747987
 -0.274704  0.0557403   0.959912  0.0743912
         0          0          0          1
44
  0.621208  -0.753154   0.216469   -0.25811
  0.732853   0.656171   0.179906 -0.0822844
 -0.277538  0.0468811    0.95957  0.0810734
         0          0          0          1
45
  0.593522  -0.773133   0.223602  -0.258489
  0.753018   0.631522   0.184782 -0.0822782
  -0.28407   0.058704   0.957005  0.0881547
         0          0          0          1
46
  0.558838  -0.798082   0.225311  -0.253034
  0.774801   0.599336   0.201195 -0.0908784
 -0.295607  0.0621357   0.953287  0.0962681
         0          0          0          1
47
  0.531084  -0.814375   0.233971  -0.251339
  0.790757   0.575559   0.208412 -0.0948331
  -0.30439  0.0743303   0.949643   0.104858
         0          0          0          1
48
   0.49463  -0.835405   0.239666   -0.24866
  0.810716    0.54288   0.219138 -0.0997819
 -0.313179  0.0859089     0.9458    0.11218
         0          0          0          1
49
 0.455555 -0.857856  0.237806 -0.245951
 0.828975  0.506166  0.237898 -0.110267
-0.324452 0.0887595  0.941729  0.116827
        0         0         0         1
50
 0.401264  -0.88352  0.241617 -0.240416
 0.856555  0.455401  0.242741 -0.120221
-0.324499  0.109555   0.93952  0.119478
        0         0         0         1
51
 0.374261 -0.892351  0.252267 -0.239245
 0.868678  0.432577  0.241404 -0.120791
-0.324542   0.12879  0.937062  0.120469
        0         0         0         1
52
 0.343129 -0.900871  0.265884 -0.245092
 0.875064  0.409466  0.258072 -0.125496
 -0.34136  0.144113  0.928819  0.121805
        0         0         0         1
53
 0.327623 -0.905432  0.269917 -0.251392
 0.874507  0.398746  0.276115 -0.136524
-0.357632  0.145583  0.922445  0.122878
        0         0         0         1
54
 0.310829 -0.913722  0.261719 -0.248074
 0.879152  0.381041  0.286182 -0.140659
-0.361217  0.141137  0.921739  0.125204
        0         0         0         1
55
 0.290732 -0.916934  0.273326 -0.253784
 0.880437  0.368213  0.298746 -0.149573
-0.374573  0.153791  0.914354  0.125794
        0         0         0         1
56
 0.265208 -0.924407  0.274111 -0.251629
 0.886794  0.345454  0.307013 -0.157028
-0.378498  0.161658  0.911376  0.125851
        0         0         0         1
57
 0.255585 -0.923605  0.285711 -0.256764
  0.88754  0.341333  0.309458 -0.162199
 -0.38334  0.174487  0.906976  0.125818
        0         0         0         1
58
 0.239517 -0.924955  0.295108 -0.262369
 0.890112  0.330585  0.313712 -0.171248
-0.387728   0.18754  0.902494  0.125106
        0         0         0         1
59
 0.222777  -0.92386  0.311213 -0.272361
 0.894458  0.320666  0.311638 -0.180626
-0.387705  0.208941  0.897791  0.124403
        0         0         0         1
60
 0.197112 -0.926407  0.320806 -0.279305
 0.901452  0.299901   0.31216    -0.187
-0.385397   0.22766  0.894226  0.124059
        0         0         0         1
61
 0.175392  -0.92565  0.335275  -0.29404
 0.905757  0.285173  0.313499 -0.190451
-0.385801  0.248692  0.888431  0.126131
        0         0         0         1
62
 0.150741 -0.929699  0.336061 -0.298144
   0.9064  0.265676  0.328414 -0.199182
-0.394609  0.255101  0.882727  0.128547
        0         0         0         1
63
 0.124791 -0.931364  0.342034 -0.306878
 0.908358  0.245925  0.338242 -0.205599
-0.399141   0.26848  0.876701  0.131692
        0         0         0         1
64
0.0915316 -0.935571  0.341071 -0.307703
 0.912489  0.215945  0.347464 -0.209215
 -0.39873   0.27942  0.873464  0.133463
        0         0         0         1
65
0.0760362  -0.93559  0.344805 -0.309407
 0.914279   0.20341  0.350313 -0.209481
-0.397886  0.288611  0.870856  0.133708
        0         0         0         1
66
0.0471566  -0.93458  0.352613 -0.315443
 0.912237  0.184105  0.365963 -0.219116
-0.406939  0.304409  0.861241  0.134744
        0         0         0         1
67
0.0194322 -0.932868  0.359694 -0.320676
 0.911287  0.164528  0.377473 -0.228724
-0.411312  0.320449  0.853308  0.135572
        0         0         0         1
68
-0.00761972   -0.929562    0.368587   -0.325884
   0.911838    0.144847    0.384149   -0.234215
  -0.410479    0.339019    0.846506    0.134782
          0           0           0           1
69
-0.0330033  -0.925527   0.377241  -0.332971
  0.910285   0.128008   0.393694  -0.243722
 -0.412664    0.35639   0.838269   0.135462
         0          0          0          1
70
-0.0560425  -0.921134   0.385191  -0.340658
  0.908044   0.113376   0.403239  -0.245966
 -0.415109   0.372369   0.830076   0.135877
         0          0          0          1
71
-0.0846095  -0.918383   0.386542  -0.341467
  0.898523  0.0973594   0.427992  -0.254127
 -0.430694   0.383529   0.816951   0.138838
         0          0          0          1
72
-0.101031 -0.915947  0.388374 -0.343336
 0.892679  0.088882  0.441841 -0.261265
-0.439222  0.391334  0.808667  0.141921
        0         0         0         1
73
-0.127209  -0.91315  0.387265 -0.344022
 0.886128 0.0707921  0.458001 -0.269444
-0.445639  0.401428  0.800163  0.145941
        0         0         0         1
74
-0.151011 -0.910872  0.384066 -0.346563
 0.879129 0.0539119  0.473526 -0.279303
-0.452027  0.409152  0.792633  0.151899
        0         0         0         1
75
-0.174066 -0.908958  0.378809 -0.343502
  0.87575 0.0330153  0.481636 -0.282955
-0.450293  0.415578  0.790273  0.156013
        0         0         0         1
76
 -0.346941  -0.868246   0.354655  -0.321068
  0.821056 -0.0983993   0.562303   -0.31636
  -0.45332   0.486277   0.747018   0.179266
         0          0          0          1
77
-0.390291   -0.8492  0.355715 -0.319145
 0.804864 -0.127093   0.57969 -0.330226
-0.447064   0.51255  0.733094  0.185034
        0         0         0         1
78
-0.425741 -0.834657  0.349416 -0.313638
 0.792294 -0.157347  0.589501  -0.33849
-0.437052  0.527815  0.728283  0.188291
        0         0         0         1
79
-0.441907 -0.828104  0.344909 -0.312443
 0.784012 -0.169681  0.597105 -0.346939
 -0.43594  0.534278  0.724226  0.192053
        0         0         0         1
80
-0.468894 -0.817904  0.333423 -0.306901
 0.776502 -0.201822  0.596919 -0.352453
 -0.42093  0.538795  0.729738  0.194249
        0         0         0         1
81
-0.489016 -0.806222   0.33297 -0.311364
 0.770259 -0.219985  0.598588 -0.360945
-0.409346  0.549193  0.728576  0.199994
        0         0         0         1
82
 -0.50562 -0.800445  0.321927 -0.309763
 0.762718 -0.240305  0.600429 -0.364187
 -0.40325  0.549128  0.732016    0.2011
        0         0         0         1
83
-0.519587 -0.793477  0.316898 -0.308041
 0.755747 -0.253778  0.603692 -0.370081
-0.398594  0.553165  0.731527  0.201815
        0         0         0         1
84
-0.537472 -0.781709  0.316314 -0.311671
 0.745863 -0.265656  0.610832 -0.377934
-0.393462  0.564232   0.72583  0.204335
        0         0         0         1
85
-0.559825 -0.767767  0.311658 -0.312633
 0.731601 -0.281394  0.620948 -0.383412
-0.389045  0.575632   0.71923  0.205599
        0         0         0         1
86
-0.586662 -0.750249  0.304884 -0.311614
  0.71474 -0.302674  0.630504 -0.388984
-0.380754  0.587806    0.7138  0.206935
        0         0         0         1
87
-0.598578 -0.740759  0.304927 -0.313331
 0.705448 -0.307097  0.638776 -0.398379
-0.379537  0.597467  0.706388  0.210955
        0         0         0         1
88
-0.618607 -0.725777  0.300953 -0.315334
 0.695316 -0.327327  0.639839  -0.40508
-0.365871  0.605066  0.707131  0.215059
        0         0         0         1
89
 -0.64156 -0.705219  0.301772 -0.318476
  0.67916 -0.339355  0.650831 -0.426123
 -0.35657  0.622499  0.696673   0.22398
        0         0         0         1
90
-0.658439 -0.689934  0.300748 -0.322098
 0.676738  -0.36785   0.63774 -0.426203
-0.329368   0.62344  0.709111  0.225011
        0         0         0         1
91
-0.675306 -0.670972    0.3062 -0.333274
 0.667921 -0.380288  0.639737 -0.432235
-0.312801  0.636535  0.704967  0.230814
        0         0         0         1
92
-0.694414 -0.656551  0.294499 -0.331911
 0.650083 -0.396933  0.647948 -0.437604
-0.308515  0.641393  0.702448  0.231441
        0         0         0         1
93
-0.710765 -0.641715  0.288123  -0.33203
  0.63487  -0.40883   0.65559 -0.446134
-0.302909  0.648891  0.697988  0.233278
        0         0         0         1
94
-0.728162 -0.620924   0.29023 -0.335021
 0.622757 -0.422503  0.658533 -0.449689
-0.286276  0.660261  0.694335  0.233695
        0         0         0         1
95
-0.736762 -0.610783  0.290045 -0.336461
 0.614361  -0.42556  0.664424 -0.455133
-0.282387  0.667715  0.688778  0.236404
        0         0         0         1
96
-0.751003 -0.594096  0.288174 -0.340254
 0.601297 -0.434998  0.670237  -0.46106
 -0.27283  0.676628  0.683914   0.24057
        0         0         0         1
97
-0.764928 -0.577742  0.284777 -0.341899
 0.587433 -0.444375  0.676352 -0.467666
-0.264209  0.684649  0.679301  0.244084
        0         0         0         1
98
-0.775844 -0.565451  0.279877 -0.343691
 0.576975 -0.456392  0.677352 -0.469518
-0.255276  0.687001  0.680341  0.246893
        0         0         0         1
99
-0.786695 -0.554288  0.271799 -0.340569
 0.562977 -0.463486  0.684278 -0.476882
-0.253312  0.691336  0.676674  0.249704
        0         0         0         1
100
-0.795053 -0.541663  0.272931 -0.341698
 0.556596  -0.47274  0.683167 -0.481295
-0.241021  0.695067  0.677341  0.253496
        0         0         0         1
101
-0.799833 -0.534304  0.273473 -0.341797
 0.553599 -0.480626  0.680093 -0.479406
-0.231938  0.695355  0.680211  0.253537
        0         0         0         1
102
-0.802425 -0.530602  0.273085 -0.341355
 0.550341 -0.481049  0.682434  -0.48225
-0.230733  0.697892  0.678018  0.254785
        0         0         0         1
103
-0.805954 -0.525031   0.27346 -0.338888
 0.548142 -0.487424  0.679675 -0.481947
-0.223559  0.697682  0.680633  0.252329
        0         0         0         1
104
-0.810026 -0.514016  0.282216 -0.343522
 0.546609 -0.487617   0.68077 -0.485014
-0.212314  0.705703  0.675948   0.25523
        0         0         0         1
105
 -0.81371 -0.506894  0.284491 -0.346723
   0.5435 -0.489929  0.681599  -0.48186
-0.206118  0.709245  0.674157  0.254479
        0         0         0         1
106
-0.819598 -0.500057  0.279645 -0.347815
  0.53423 -0.490651  0.688375 -0.483443
-0.207018  0.713585  0.669283  0.255827
        0         0         0         1
107
-0.827976 -0.489404  0.273749 -0.345542
 0.523667 -0.500204  0.689615 -0.484838
 -0.20057  0.714338  0.670442  0.253437
        0         0         0         1
108
-0.833733 -0.476292  0.279347 -0.350698
 0.520567 -0.509315   0.68528 -0.478537
-0.184118  0.716759  0.672575  0.250499
        0         0         0         1
109
-0.836437 -0.471089  0.280087 -0.355086
 0.514783  -0.49993  0.696469 -0.478593
-0.188075  0.726736  0.660668  0.251203
        0         0         0         1
110
-0.836288  -0.47314  0.277056 -0.355388
 0.512332 -0.494359  0.702229 -0.480411
-0.195287  0.729211  0.655831  0.251687
        0         0         0         1
111
-0.837077   -0.4783  0.265577 -0.358038
 0.504706 -0.487803  0.712264 -0.486381
-0.211127  0.730258  0.649729   0.25631
        0         0         0         1
112
-0.837893 -0.484447  0.251489 -0.352307
 0.500674 -0.498624  0.707601 -0.484123
-0.217397  0.718808  0.660344  0.254076
        0         0         0         1
113
-0.835182 -0.492661  0.244451 -0.354988
  0.50113 -0.498583  0.707307  -0.48492
-0.226583  0.713232  0.663295  0.257937
        0         0         0         1
114
-0.833799 -0.502089  0.229534  -0.35088
 0.497333 -0.502636  0.707118  -0.48383
-0.239664  0.703749  0.668803  0.258802
        0         0         0         1
115
-0.834314 -0.509426  0.210727 -0.340698
 0.489827 -0.509609  0.707367 -0.487583
-0.252962  0.693386  0.674704  0.258956
        0         0         0         1
116
-0.834651 -0.510192  0.207511 -0.334343
 0.490347 -0.516735  0.701815 -0.485417
-0.250832  0.687523  0.681465  0.255792
        0         0         0         1
117
-0.835475 -0.506854  0.212321 -0.333101
 0.492017 -0.517871  0.699806 -0.488849
-0.244744  0.689136  0.682049  0.258273
        0         0         0         1
118
-0.835244 -0.505932  0.215407 -0.333835
 0.493807 -0.517787  0.698606 -0.487644
-0.241912  0.689877  0.682311  0.258842
        0         0         0         1
119
 -0.83673 -0.505224  0.211262 -0.327151
 0.488636 -0.514653  0.704533  -0.49429
-0.247221  0.692734  0.677496  0.261308
        0         0         0         1
120
-0.839052 -0.502462  0.208623 -0.317354
 0.485637 -0.518852  0.703526 -0.502707
-0.245251   0.69161  0.679358  0.263771
        0         0         0         1
121
-0.842125 -0.493444  0.217572  -0.31249
 0.489894 -0.531314  0.691165 -0.504472
-0.225452  0.688635  0.689168  0.265376
        0         0         0         1
122
-0.844039 -0.483143  0.232747 -0.316001
 0.496995 -0.541645   0.67795 -0.496888
 -0.20148  0.687891  0.697289  0.266157
        0         0         0         1
123
-0.848473 -0.474389  0.234623 -0.319565
 0.491245 -0.541003  0.682638 -0.490273
-0.196904  0.694457  0.692068  0.268298
        0         0         0         1
124
 -0.86029 -0.463491  0.212313 -0.310573
 0.464963 -0.542553  0.699604 -0.496309
-0.209069  0.700581  0.682259  0.274907
        0         0         0         1
125
-0.869061 -0.451563  0.202048 -0.304573
 0.451062 -0.555564  0.698492 -0.488982
-0.203162  0.698169  0.686502  0.277134
        0         0         0         1
126
-0.872637 -0.446739  0.197303 -0.305465
 0.443733 -0.556554  0.702388 -0.486821
-0.203974   0.70048  0.683902  0.281666
        0         0         0         1
127
-0.884567 -0.437453  0.161788 -0.284173
 0.412189 -0.570864   0.71008 -0.485842
-0.218268  0.694801  0.685281  0.282553
        0         0         0         1
128
-0.894419 -0.421333  0.149978 -0.272944
 0.394902 -0.586628   0.70705 -0.482418
-0.209922  0.691626  0.691076   0.28631
        0         0         0         1
129
-0.905608 -0.401646  0.136211 -0.260058
 0.372531 -0.599812  0.708128 -0.476548
-0.202716   0.69203  0.692821  0.286153
        0         0         0         1
130
-0.920069 -0.369565   0.12998 -0.249105
 0.345452 -0.608885  0.714089 -0.477677
 -0.18476  0.701913  0.687883  0.291449
        0         0         0         1
131
-0.936206  -0.33246  0.113969 -0.238216
  0.30913 -0.624692  0.717076 -0.476109
-0.167204  0.706562  0.687614  0.294947
        0         0         0         1
132
-0.950222 -0.294592   0.10146 -0.223453
 0.274031 -0.635206  0.722094 -0.478946
-0.148275  0.713953  0.684314  0.299136
        0         0         0         1
133
-0.956259 -0.276046 0.0967866 -0.217712
 0.257901 -0.639459  0.724279 -0.481449
-0.138043  0.717559  0.682681  0.303408
        0         0         0         1
134
-0.966612 -0.241594  0.085404 -0.203552
 0.227508 -0.655787  0.719849 -0.478478
-0.117904  0.715245  0.688856  0.303967
        0         0         0         1
135
 -0.97394 -0.212642 0.0788919 -0.196323
 0.202356 -0.657587  0.725694 -0.486031
-0.102435  0.722747   0.68348  0.317281
        0         0         0         1
136
-0.980515 -0.189147 0.0530474 -0.182405
 0.168788 -0.673019  0.720108 -0.482198
-0.100504  0.715031  0.691831   0.31751
        0         0         0         1
137
 -0.985799  -0.165272  0.0297457  -0.160881
  0.136214  -0.683389   0.717235  -0.482132
-0.0982109   0.711101   0.696196   0.314288
         0          0          0          1
138
 -0.990626   -0.13504  0.0206017  -0.148093
  0.108164  -0.683312    0.72207  -0.486786
-0.0834307    0.71753   0.691513   0.319038
         0          0          0          1
139
 -0.994815  -0.101306 0.00896339  -0.136021
 0.0764592  -0.686874   0.722744  -0.489583
-0.0670617   0.719682   0.691058    0.32245
         0          0          0          1
140
  -0.998161  -0.0604822 -0.00400299   -0.118733
  0.0386238   -0.685541    0.727009   -0.495594
 -0.0467153    0.725518    0.686616    0.324103
          0           0           0           1
141
  -0.999245  -0.0383021 -0.00656651   -0.112472
  0.0212894   -0.680911    0.732056   -0.501184
 -0.0325105    0.731364    0.681212    0.328534
          0           0           0           1
142
  -0.999728   0.0111896  -0.0204487  -0.0980914
 -0.0226234   -0.677111    0.735533   -0.507455
-0.00561569    0.735795    0.677181    0.331485
          0           0           0           1
143
 -0.997315  0.0672574 -0.0289554 -0.0800065
-0.0665788  -0.668267   0.740936  -0.519458
 0.0304835   0.740875   0.670951   0.336466
         0          0          0          1
144
  -0.99221   0.119572 -0.0349424 -0.0606664
  -0.10562  -0.658759   0.744903  -0.534067
 0.0660507   0.742791   0.666257   0.348278
         0          0          0          1
145
 -0.985969   0.164447 -0.0286776 -0.0542483
 -0.132498  -0.666474    0.73366   -0.53413
  0.101535   0.727165   0.678912   0.347781
         0          0          0          1
146
 -0.967374    0.24903 -0.0466088 -0.0427795
 -0.204625  -0.659503   0.723315  -0.542005
  0.149388   0.709253   0.688944   0.356268
         0          0          0          1
147
 -0.955382    0.28325 -0.0837517 -0.0285009
 -0.254365  -0.644843   0.720747  -0.544559
  0.150145   0.709892    0.68812   0.357344
         0          0          0          1
148
 -0.948488   0.302074 -0.0955108 -0.0239863
 -0.276292  -0.641166   0.715939  -0.541877
  0.155028   0.705448   0.691599     0.3552
         0          0          0          1
149
 -0.935425   0.333799  -0.116439 -0.0144802
 -0.311845  -0.623946    0.71655   -0.54294
  0.166532    0.70659   0.687749   0.356399
         0          0          0          1
150
  -0.921726    0.361814   -0.139685 -0.00887768
  -0.346935    -0.60818     0.71397   -0.539073
   0.173371    0.706546    0.686102    0.355784
          0           0           0           1
151
   -0.906746     0.386498    -0.168616 -0.000667959
    -0.38323      -0.5885     0.711901    -0.536706
    0.175918     0.710132     0.681738     0.361311
           0            0            0            1
152
-0.887056  0.415769 -0.200669 0.0184521
-0.426015 -0.569703  0.702816 -0.527621
 0.177887  0.708925  0.682482   0.36543
        0         0         0         1
153
-0.869046  0.448639 -0.208525 0.0241786
-0.454294 -0.556765  0.695435  -0.51809
 0.195899  0.699096  0.687668  0.369103
        0         0         0         1
154
-0.848407  0.480768 -0.221511 0.0383757
   -0.486 -0.541617  0.685897  -0.51127
 0.209783  0.689575  0.693165  0.373121
        0         0         0         1
155
-0.821792  0.524459 -0.222714 0.0421199
-0.518403 -0.525984  0.674239 -0.503932
 0.236467   0.66954  0.704131  0.372166
        0         0         0         1
156
-0.808843  0.543034 -0.225582 0.0484508
-0.533414 -0.516134  0.670131 -0.502231
 0.247473  0.662359  0.707133  0.372772
        0         0         0         1
157
-0.779131  0.588109 -0.216987 0.0407722
-0.560456  -0.49848  0.661367  -0.49839
 0.280792  0.636903   0.71799  0.369806
        0         0         0         1
158
 -0.67714  0.688717 -0.259134 0.0770141
 -0.66378 -0.419691  0.619077 -0.487635
 0.317612   0.59121  0.741346  0.359072
        0         0         0         1
159
-0.654245  0.709082 -0.262997 0.0808503
-0.681617 -0.402188  0.611264 -0.488524
 0.327662  0.579179  0.746451  0.357702
        0         0         0         1
160
-0.625099   0.72943 -0.277819 0.0903591
-0.707993 -0.380009  0.595264 -0.484377
  0.32863  0.568793  0.753974  0.354014
        0         0         0         1
161
-0.598519  0.749175 -0.283745   0.09876
 -0.72913 -0.362695  0.580364 -0.477715
 0.331881  0.554246  0.763326  0.349887
        0         0         0         1
162
-0.571308  0.769652  -0.28503  0.105366
-0.746268 -0.342595  0.570712  -0.46991
   0.3416  0.538762  0.770095  0.346386
        0         0         0         1
163
-0.543667  0.786922 -0.291856  0.117369
-0.762995 -0.318523  0.562479 -0.461131
 0.349664  0.528486  0.773588  0.341331
        0         0         0         1
164
-0.506122  0.814939 -0.282337  0.119675
-0.776058 -0.287506  0.561315 -0.457007
 0.376264  0.503204  0.777954  0.338271
        0         0         0         1
165
-0.465942  0.836856 -0.287348  0.131028
-0.793454 -0.251465  0.554254 -0.452092
 0.391573  0.486248  0.781175  0.334252
        0         0         0         1
166
-0.426646  0.858125 -0.285646  0.135335
-0.807056 -0.218678   0.54849 -0.445405
 0.408208  0.464544  0.785853  0.326535
        0         0         0         1
167
-0.384239  0.874626 -0.295617  0.151547
 -0.82028 -0.176477  0.544055 -0.441391
 0.423675  0.451536  0.785248  0.324025
        0         0         0         1
168
-0.361238  0.885505 -0.292212  0.153386
-0.825943 -0.158398  0.541045 -0.438676
 0.432812  0.436796  0.788595  0.321272
        0         0         0         1
169
-0.320709  0.898863 -0.298649  0.167227
-0.835331 -0.119775  0.536541 -0.433882
 0.446506  0.421545  0.789261  0.318513
        0         0         0         1
170
 -0.279955   0.913688  -0.294617   0.170983
 -0.842953 -0.0870966   0.530891  -0.430365
  0.459409   0.396973   0.794579   0.316028
         0          0          0          1
171
 -0.244596   0.921171  -0.302682   0.178825
 -0.851906 -0.0550812    0.52079  -0.424812
  0.463065   0.385239   0.798224   0.311615
         0          0          0          1
172
  -0.20917   0.927397  -0.310134   0.184813
  -0.85982 -0.0233571   0.510062  -0.419731
  0.465786   0.373349    0.80228   0.307918
         0          0          0          1
173
  -0.17238   0.932665  -0.316893   0.189801
  -0.87161 0.00545081    0.49017  -0.409983
  0.458892   0.360702    0.81198   0.300893
         0          0          0          1
174
-0.133522  0.937538 -0.321238  0.194045
-0.878288 0.0382186  0.476602 -0.399184
  0.45911  0.345776  0.818326  0.294909
        0         0         0         1
175
-0.0962052   0.941058  -0.324274   0.195413
 -0.880612  0.0713878   0.468429  -0.391192
  0.463968   0.330625    0.82184   0.293497
         0          0          0          1
176
-0.0758306   0.942776   -0.32469   0.193869
 -0.883372  0.0875178   0.460428  -0.385839
  0.462497   0.321737   0.826186   0.291128
         0          0          0          1
177
-0.0383964   0.942078  -0.333189    0.19487
 -0.887618   0.120998   0.444404  -0.371838
  0.458978   0.312808   0.831559   0.285618
         0          0          0          1
178
-0.00399303    0.940913   -0.338625    0.195962
   -0.88903    0.151696    0.431989   -0.356837
   0.457832    0.302773    0.835894    0.280043
          0           0           0           1
179
0.0307842  0.938914 -0.342772  0.197121
-0.884844  0.185095  0.427541 -0.341785
  0.46487  0.290138   0.83649  0.275524
        0         0         0         1
180
0.0674802   0.93631 -0.344631  0.197944
-0.877939  0.219824  0.425324 -0.330119
 0.473993  0.273864  0.836857  0.275193
        0         0         0         1
181
 0.113289  0.931397 -0.345927  0.198118
-0.870999  0.260618  0.416461 -0.315503
 0.478045  0.254121  0.840771  0.267783
        0         0         0         1
182
 0.155588  0.926637 -0.342252  0.201728
-0.854849  0.299922  0.423414 -0.310126
    0.495  0.226696  0.838799   0.27312
        0         0         0         1
183
 0.179162  0.924914 -0.335314  0.197509
-0.851672  0.316429  0.417765 -0.307203
 0.492499   0.21073  0.844415  0.271249
        0         0         0         1
184
 0.230168  0.914174 -0.333628  0.199141
-0.844303  0.358071  0.398671 -0.292009
 0.483917  0.189922  0.854257  0.263385
        0         0         0         1
185
 0.267024  0.905698 -0.329257  0.201984
-0.833387  0.388585  0.393023 -0.287409
 0.483905  0.169452  0.858558  0.263764
        0         0         0         1
186
 0.303995  0.898966 -0.315352  0.202946
-0.833804  0.411183  0.368373 -0.271149
 0.460822  0.150958   0.87456  0.256876
        0         0         0         1
187
 0.332534  0.894221  -0.29965  0.195268
-0.827782  0.428992  0.361584 -0.263271
 0.451884  0.127805  0.882874  0.251047
        0         0         0         1
188
 0.360928  0.883996 -0.297123  0.194137
-0.822768  0.451829  0.344825 -0.248178
 0.439072  0.120007  0.890401  0.242129
        0         0         0         1
189
 0.394811  0.868511 -0.299689  0.196558
-0.810259  0.482916  0.332074 -0.230309
 0.433134  0.111719  0.894379  0.233147
        0         0         0         1
190
 0.430678  0.853196 -0.294233   0.19959
-0.793192  0.513358  0.327581  -0.21502
 0.430538 0.0923016  0.897841  0.228726
        0         0         0         1
191
 0.448006  0.846549 -0.287482   0.19526
-0.784936  0.526379  0.326804 -0.208215
  0.42798 0.0792452  0.900307  0.223709
        0         0         0         1
192
 0.486347  0.822462 -0.294998  0.199642
-0.758875  0.564942  0.323958 -0.192535
 0.433099 0.0663106  0.898904  0.217173
        0         0         0         1
193
 0.531817  0.792538  -0.29842  0.204849
-0.728016  0.607876  0.316984 -0.181173
 0.432624  0.048677  0.900259  0.211897
        0         0         0         1
194
  0.57605  0.761382 -0.297429  0.214373
-0.702306  0.647184   0.29651 -0.158421
 0.418249 0.0380819  0.907534  0.202367
        0         0         0         1
195
  0.617116   0.733367  -0.285201   0.217434
 -0.670695   0.679784   0.296752  -0.148302
  0.411503 0.00815287   0.911372   0.198535
         0          0          0          1
196
  0.654745   0.705989   -0.26998   0.212856
 -0.640357   0.707872   0.298094  -0.143651
  0.401563 -0.0222917    0.91556    0.19251
         0          0          0          1
197
  0.68421  0.676176 -0.273209  0.219676
-0.609296  0.735878  0.295366 -0.138082
 0.400768 -0.035627  0.915487  0.190434
        0         0         0         1
198
  0.710475   0.651865  -0.265136   0.216469
 -0.593616   0.757497   0.271695  -0.132684
  0.377948 -0.0356436   0.925141   0.185345
         0          0          0          1
199
  0.724177   0.636528  -0.265329   0.219838
 -0.584011   0.770683   0.254908  -0.122411
  0.366741 -0.0296433   0.929851   0.183052
         0          0          0          1
200
   0.75094    0.61274  -0.246249   0.211647
 -0.565033    0.78919    0.24066  -0.115725
  0.341799 -0.0415821   0.938853   0.180136
         0          0          0          1
201
  0.769212   0.592103  -0.240265   0.208853
 -0.548794   0.804758   0.226252  -0.103053
  0.327319 -0.0421797   0.943972   0.179379
         0          0          0          1
202
   0.78893    0.57142  -0.225982   0.197556
 -0.528758   0.818654   0.224099 -0.0993742
  0.313056 -0.0573089   0.948004   0.179884
         0          0          0          1
203
  0.805943   0.551321  -0.215643   0.189968
 -0.507749   0.831051   0.227038 -0.0976923
  0.304381  -0.073487   0.949712   0.184203
         0          0          0          1
204
  0.824919   0.526182  -0.206496   0.179049
 -0.486586   0.846942   0.214299 -0.0915546
   0.28765 -0.0763015   0.954691   0.184377
         0          0          0          1
205
  0.843367   0.499556   -0.19793   0.164531
 -0.455942   0.860215   0.228357 -0.0987928
   0.28434  -0.102344   0.953245   0.186543
         0          0          0          1
206
  0.864904   0.459704   -0.20153   0.159073
 -0.420925   0.882997   0.207697 -0.0925608
  0.273429 -0.0948088   0.957208   0.187657
         0          0          0          1
207
  0.877169   0.440488  -0.191166   0.149818
 -0.400912   0.890935   0.213315 -0.0981327
   0.26428  -0.110473   0.958098   0.186882
         0          0          0          1
208
  0.900513   0.390761  -0.190741   0.130942
  -0.35202   0.912645   0.207755 -0.0958064
  0.255261  -0.119941   0.959404    0.18168
         0          0          0          1
209
 0.914629  0.349561 -0.203126  0.124386
-0.303442  0.925549  0.226457 -0.099424
 0.267164 -0.145487  0.952605  0.190255
        0         0         0         1
210
  0.933754   0.293663  -0.204609   0.116957
 -0.253356   0.946115   0.201686 -0.0960672
  0.252811  -0.136486    0.95784   0.192302
         0          0          0          1
211
  0.952902   0.233212  -0.193882   0.103959
 -0.196346   0.961618   0.191676 -0.0905432
  0.231141  -0.144581   0.962117   0.191365
         0          0          0          1
212
  0.963762   0.184173  -0.192982   0.103104
 -0.150006   0.972373   0.178854 -0.0805165
  0.220591  -0.143424   0.964764   0.195877
         0          0          0          1
213
  0.975839    0.14351  -0.164754  0.0907371
 -0.114456   0.978066   0.174029 -0.0736254
  0.186115  -0.150967    0.97086   0.195972
         0          0          0          1
214
  0.982825   0.107317  -0.150125  0.0877658
-0.0813961   0.982206   0.169255 -0.0607562
  0.165617  -0.154128   0.974072   0.197589
         0          0          0          1
215
  0.988591   0.111416  -0.101361  0.0806334
-0.0901769   0.976808     0.1942 -0.0595577
  0.120648  -0.182844   0.975711   0.200257
         0          0          0          1
216
  0.991005    0.11684 -0.0652525  0.0710387
 -0.102252   0.975648   0.194051 -0.0502934
 0.0863365  -0.185633   0.978819   0.200096
         0          0          0          1
217
  0.993191   0.112096 -0.0317242  0.0523843
 -0.103393   0.973628   0.203369 -0.0509276
 0.0536845  -0.198704   0.978588   0.194627
         0          0          0          1
218
  0.995168  0.0958773 -0.0211873  0.0491482
-0.0892852   0.973386   0.211063 -0.0399704
 0.0408596  -0.208152   0.977243   0.191773
         0          0          0          1
219
  0.995213  0.0976348   0.004235  0.0391483
-0.0961809   0.970875   0.219435  -0.048901
 0.0173128  -0.218792   0.975618   0.192663
         0          0          0          1
220
  0.994126   0.107327   0.013958  0.0343459
 -0.107902   0.972783   0.205063 -0.0450049
0.00843077  -0.205365   0.978649   0.191236
         0          0          0          1
221
  0.993836   0.106037  0.0323499  0.0250342
 -0.110261   0.975764   0.189017 -0.0361859
-0.0115231  -0.191419   0.981441   0.186766
         0          0          0          1
222
  0.995006  0.0925594  0.0373724  0.0165902
 -0.098297   0.973706    0.20551 -0.0448397
-0.0173679  -0.208158   0.977941   0.187133
         0          0          0          1
223
   0.996825   0.0756849   0.0247359   0.0140342
  -0.079106    0.976729    0.199357  -0.0375669
-0.00907195   -0.200681    0.979615    0.183521
